0 8 5 4 3 4 3 5 4 4 
11826 4 5 5 5 0 5 0 0 0 
16219 0 8 0 5 0 5 0 0 0 
16276 0 0 0 0 0 8 0 0 0 
163 0 4 4 5 0 5 5 10 5 
16516 0 8 0 0 0 0 0 0 0 
171 5 5 0 5 0 5 5 4 5 
178 0 0 0 5 0 5 5 4 5 
184 0 0 0 5 0 4 5 5 5 
189 5 5 5 0 0 4 4 5 5 
2276 0 0 5 5 0 4 5 0 5 
2349 5 4 5 5 0 5 5 0 5 
2360 0 5 0 4 0 5 5 0 5 
2368 0 5 0 4 0 5 11 0 5 
2419 0 0 0 0 0 5 4 0 5 
2594 0 5 5 5 0 0 5 0 4 
3151 0 5 0 0 0 8 0 0 5 
3810 5 0 5 5 0 5 0 0 4 
405 4 5 5 5 0 0 5 4 5 
424 0 5 0 5 0 0 5 5 4 
434 0 5 4 0 0 0 5 5 5 
6723 5 5 5 5 0 5 4 5 0 
83 0 5 5 5 0 5 5 4 5 
9173 0 4 0 5 0 0 5 0 0 
920 0 5 5 0 0 4 0 5 5 
